CameraConfig.nSensors=1
senor-0-camera_name=Camera_1
senor-0-vds_port=2210
senor-0-param_trans_rot=3.000000,0.000000,1.500000,0.000000,0.000000,0.000000
senor-0-width=1280
senor-0-height=720
senor-0-fov_deg=78.000000
